formatted_EPE.csv,formatted_ENE
0.0,0.0
35387.322672348906,-1330.2069706751172
36104.062878700344,-3747.4116012461027
36882.24915814866,-5491.909855556249
39029.539779702856,-8006.629386188436
40079.72575723825,-9598.158021549305
41530.654739567086,-11746.99258607572
42109.23863819256,-12211.24839369283
44441.55611133785,-13241.117683598075
44436.41913764613,-14266.703832221683
45212.31864395606,-14913.100138783886
45245.77617252127,-14613.89310040613
45132.28349699102,-14471.518960793635
45333.852221285786,-14857.81347245365
44884.545767812335,-14106.061397024463
43731.96084137071,-14312.98684501656
43466.99088146027,-14546.07972928551
42699.19861626239,-14228.30760120787
41426.081292185656,-14015.58327872847
40723.707357076695,-13564.642938404018
39487.39798364652,-13275.66134456442
38911.83026446915,-13513.764541940885
37549.74967737937,-12835.798720647867
36326.557157460215,-12775.394849257618
34780.611353730135,-11879.262961604112
33048.82346747133,-11332.443914505453
31862.168754763912,-10618.397900379818
30075.448737757222,-9754.655980531717
28218.643790561673,-8927.086081084395
26178.031650119607,-8249.957850699318
23573.330354855258,-7460.646418029162
20958.590564873983,-6512.199225754392
18752.926241866277,-5583.573002915436
15612.848680244962,-4927.891852702748
12754.172033094284,-4006.9464234538937
9765.303063316553,-3022.5121084954653
6764.756390453526,-1982.198115694233
0.0,-3678.7439678271085
0.0,0.0
0.0,0.0
0.0,0.0
